
--WEBCAM--

el.getLocalMatrix()._data
[0.9688446521759033, -0.20772595703601837, 0.1348700076341629, 0,
 0.2437053620815277,  0.8966237902641296, -0.3696938157081604, 0,
-0.04413265734910965, 0.39104440808296204, 0.9193130731582642, 0, 
27.183969497680664, -33.540348052978516, -777.1844482421875, 1]

m4x4

[ 0.9688446521759033,  0.20772606134414673, 0.13487009704113007, 0,
 -0.24370549619197845, 0.8966236710548401,  0.36969396471977234, 0,
 -0.04413264989852905, -0.39104461669921875, 0.9193130135536194, 0,
 -27.183969497680664, -33.540348052978516, 777.1844482421875, 1]

--NO WEBCAM--


el.getLocalMatrix()._data
[0.9969020485877991,  0.009834373369812965, -0.07803582400083542, 0,
-0.04262329638004303, 0.9013860821723938,   -0.43091341853141785, 0, 
 0.06610264629125595, 0.43290460109710693,   0.8990128040313721,  0,
 -13.68337345123291, -38.5365104675293,     -771.4451904296875,     1]

m4x4
[0.9969020485877991, 0.00983437616378069, 0.07803577929735184, 0,
-0.042623262852430344, 0.9013862013816833, 0.43091318011283875, 0,
-0.06610260903835297, -0.43290436267852783, 0.8990129232406616, 0,
-13.68337345123291, -38.5365104675293, 771.4451904296875, 1]


---------


el.getLocalMatrix()._data
[0.9969020485877991, 0.042623262852430344, -0.06610260903835297, 0,
 0.009834373369812965, -0.9013860821723938, -0.4329044222831726, 0,
 -0.07803577184677124, 0.4309132397174835, -0.8990128040313721, 0, 
 14.340295791625977, 37.971736907958984, 768.7252807617188, 1]

m4x4

[0.9969020485877991, 0.00983437616378069, -0.07803577929735184, 0, 
 0.042623262852430344, -0.9013862013816833, 0.43091318011283875, 0,
 -0.06610260903835297, -0.43290436267852783, -0.8990129232406616, 0,
 14.340295791625977, 37.971736907958984, 768.7252807617188, 1]


--- NO WEBCAM ORIGIN (CORRECT) --

M4x4 
[0.9969020485877991, 0.00983437616378069, 0.07803577929735184, 0,
 -0.042623262852430344, 0.9013862013816833, 0.43091318011283875, 0,
 -0.06610260903835297, -0.43290436267852783, 0.8990129232406616, 0,
 -13.68337345123291, -38.5365104675293, 771.4451904296875, 1]
LM 
[0.9969020485877991, 0.009834373369812965, -0.07803582400083542, 0,
 -0.04262329638004303, 0.9013860821723938, -0.43091341853141785, 0,
 0.06610264629125595, 0.43290460109710693, 0.8990128040313721, 0,
 -13.68337345123291, -38.5365104675293, -771.4451904296875, 1]


----------

WEBCAM CORRECT (TestImage)

M4x4
[0.9970868825912476, 0.027757678180933, -0.07104437053203583, 0, 
0.028074566274881363, 0.7324830889701843, 0.6802061200141907, 0, 
0.07091974467039108, -0.6802191138267517, 0.7295699715614319, 0, 
155.7246551513672, -135.51242065429688, 783.581298828125, 1] 
LM
[0.9970868825912476, -0.027757689356803894, -0.07104437798261642, 0, 
-0.02807457745075226, 0.7324830293655396, -0.6802061796188354, 0, 
0.07091975212097168, 0.6802191734313965, 0.7295699119567871, 0,
-155.7246551513672, -135.51242065429688, -783.581298828125, 1]

---

M4x4
[0.9970868825912476, 0.027757678180933, 0.07104437053203583, 0, 
0.028074566274881363, 0.7324830889701843, -0.6802061200141907, 0, 
-0.07091974467039108, 0.6802191138267517, 0.7295699715614319, 0, 
155.7246551513672, -135.51242065429688, -783.581298828125, 1] 

-----------------------------------------------
LM
[0.9970868825912476, -0.027757689356803894, -0.07104437798261642, 0, 
-0.02807457745075226, 0.7324830293655396, -0.6802061796188354, 0, 
0.07091975212097168, 0.6802191734313965, 0.7295699119567871, 0,
-155.7246551513672, -135.51242065429688, -783.581298828125, 1]

LM 
[0.9970868825912476, 0.027757689356803894, 0.07104437798261642, 0, 
0.02807457745075226, 0.7324830293655396, -0.6802061796188354, 0,
 -0.07091975212097168, 0.6802191734313965, 0.7295699119567871, 0, 
155.7246551513672, -135.51242065429688, -783.581298828125, 1]
